reci  -605.79079600000 -5870.23042200000 3493.05191600000 v  -1.56825100000 -3.70234800000 -6.47948500000
normalized = y
2020 02 18 15:08:47.23847
dat 37 lod 6.39E-05
jdutc 2458898.1311023
xp yp 0.030655 0.336009 arcsec
dpsi deps -0.108041 -0.007459 arcsec
dx dy 0.000315 5.5E-05 arcsec 

jdut1 2458898.13109999
jdttt 2458898.13190304 ttt 0.201317779686185

jdttb 2458898.13110231 ttdb 0.201317757763348
recef  -2110.43898111915 -5512.05870584020 3491.59784541517 v  0.00000000000 0.00000000000 0.00000000000
reci  -605.79079600000 -5870.23042200000 3493.05191600000 v  -1.56825100000 -3.70234800000 -6.47948500000
reci  -605.79079600000 -5870.23042200000 3493.05191600000 v  -1.56825100000 -3.70234800000 -6.47948500000
recef  -2110.43898111915 -5512.05870584021 3491.59784541517 v  -2.86229152118 -3.01970605249 -6.48270483869
satellite lat 30.6072451622288 lon -110.950679966223alt 485.122454439524 km

read in gravity field D:/Dataorig/Gravity/EGM2008_to2190_TideFree.txt 2190 --------------- 

coefficients --------------- 
c  2  0  0 s 0
c  4  0  0 s 0
c  4  4  0 s 0
c 21  1 0 s 0

normalized coefficients --------------- 
c  2  0  -0.000484165143790815 s 0
c  4  0  5.39965866638991E-07 s 0
c  4  4  -1.88519633023033E-07 s 3.08803882149194E-07
c 21  1 -1.61584960390177E-08 s 2.86922505251025E-08
c 500  1 7.34212760368695E-12 s 1.47132199078915E-11

Calculate Legendre polynomial recursions Unn and Nor  --------------- 
latgc = 30.6072451622288

write out normalized Legendre polynomials --------------- 
GN   0  0   1
MN   0  0   1
GtN 

MU   0  0   1
LU   0  0   0
OU   0  0   1

GN   1  0   0.881874108919013 1  1   1.49073742021132
MN   1  0   0.881874108919013 1  1   1.49073742021132
GtN 

MU   1  0   0.509150254175754 1  1   0.860677650850053
LU   1  0   0.509150254175754 1  1   0.860677650850053
OU   1  0   0.509150254175754 1  1   0.860677650850053

GN   2  0   -0.248536782261484 2  1   1.69719647176954 2  2   1.434487226878
MN   2  0   -0.248536782261484 2  1   1.69719647176954 2  2   1.434487226878
GtN 

MU   2  0   -0.111149028009148 2  1   1.31464273408108 2  2   2.2222980560183
LU   2  0   -0.111149028009148 2  1   1.31464273408108 2  2   2.2222980560183
OU   2  0   -0.111149028009148 2  1   1.31464273408108 2  2   2.2222980560183

GN   3  0   -1.14760194020578 3  1   0.412996249852521 3  2   1.93237615790142 3  3   1.33355399921332
MN   3  0   -1.14760194020578 3  1   0.412996249852522 3  2   1.93237615790142 3  3   1.33355399921332
GtN 

MU   3  0   -0.433752762554245 3  1   0.382360229244151 3  2   5.65741810037999 3  3   9.56341135171233
LU   3  0   -0.433752762554245 3  1   0.382360229244151 3  2   5.65741810037999 3  3   9.56341135171233
OU   3  0   -0.433752762554245 3  1   0.382360229244151 3  2   5.65741810037999 3  3   9.56341135171233

GN   4  0   -0.909352665825046 4  1   -1.23196622802958 4  2   1.01202656376065 4  3   2.03693807296966 4  4   1.21738344956751
MN   4  0   -0.909352665825045 4  1   -1.23196622802957 4  2   1.01202656376066 4  3   2.03693807296966 4  4   1.21738344956751
GtN 

MU   4  0   -0.303117555275015 4  1   -1.29860642699328 4  2   4.5259203832087 4  3   34.0844932435814 4  4   57.6171009141315
LU   4  0   -0.303117555275015 4  1   -1.29860642699328 4  2   4.5259203832087 4  3   34.0844932435814 4  4   57.6171009141315
OU   4  0   -0.303117555275015 4  1   -1.29860642699328 4  2   4.5259203832087 4  3   34.0844932435813 4  4   57.6171009141315

GN   5  0   0.229523454834433 5  1   -1.68325496490986 5  2   -0.712350415867685 5  3   1.47404786381636 5  4   2.05574716813613 5  5   1.09891540515138
MN   5  0   0.229523454834433 5  1   -1.68325496490986 5  2   -0.712350415867684 5  3   1.47404786381636 5  4   2.05574716813613 5  5   1.09891540515138
GtN 

MU   5  0   0.0692039254792636 5  1   -1.96561831940545 5  2   -4.40171566029018 5  3   44.6216380619022 5  4   264.021854177701 5  5   446.307759572086
LU   5  0   0.0692039254792635 5  1   -1.96561831940545 5  2   -4.40171566029018 5  3   44.6216380619023 5  4   264.021854177701 5  5   446.307759572086
OU   5  0   0.0692039254792636 5  1   -1.96561831940545 5  2   -4.40171566029019 5  3   44.6216380619022 5  4   264.021854177701 5  5   446.307759572086

GN   6  0   1.14366580244686 6  1   -0.506241277741339 6  2   -1.75203203924542 6  3   -0.157340116661883 6  4   1.81729359978375 6  5   2.01735301937154 6  6   0.984432267648878
MN   6  0   1.14366580244686 6  1   -0.506241277741339 6  2   -1.75203203924542 6  3   -0.157340116661883 6  4   1.81729359978375 6  5   2.01735301937154 6  6   0.984432267648878
GtN 

MU   6  0   0.317195822516679 6  1   -0.643421434871234 6  2   -14.0834809505421 6  3   -7.58854799271157 6  4   480.070413780324 6  5   2499.61480149413 6  6   4225.39825471119
LU   6  0   0.317195822516679 6  1   -0.643421434871234 6  2   -14.0834809505421 6  3   -7.58854799271153 6  4   480.070413780324 6  5   2499.61480149413 6  6   4225.39825471119
OU   6  0   0.317195822516679 6  1   -0.643421434871234 6  2   -14.0834809505421 6  3   -7.5885479927116 6  4   480.070413780324 6  5   2499.61480149413 6  6   4225.39825471118

GN   7  0   0.931884489912763 7  1   1.15894864975471 7  2   -1.15547087330457 7  3   -1.59108383399327 7  4   0.380356147283564 7  5   2.05901859180816 7  6   1.94123196959932 7  7   0.87701693191141
MN   7  0   0.931884489912762 7  1   1.15894864975471 7  2   -1.15547087330457 7  3   -1.59108383399327 7  4   0.380356147283565 7  5   2.05901859180816 7  6   1.94123196959932 7  7   0.87701693191141
GtN 

MU   7  0   0.240611540668075 7  1   1.58342530057492 7  2   -11.6008354982203 7  3   -112.955746842051 7  4   179.115036601213 7  5   5817.7241472479 7  6   27967.7137399398 7  7   47277.1759690196
LU   7  0   0.240611540668075 7  1   1.58342530057492 7  2   -11.6008354982203 7  3   -112.955746842051 7  4   179.115036601213 7  5   5817.7241472479 7  6   27967.7137399398 7  7   47277.1759690196
OU   7  0   0.240611540668075 7  1   1.58342530057492 7  2   -11.6008354982203 7  3   -112.955746842051 7  4   179.115036601212 7  5   5817.72414724789 7  6   27967.7137399398 7  7   47277.1759690195

GN   8  0   -0.197269654317723 8  1   1.69247521101554 8  2   0.522275188813066 8  3   -1.59088566196863 8  4   -1.27675425612959 8  5   0.870968199100573 8  6   2.21567021133344 8  7   1.84110434799935 8  8   0.778059792865642
MN   8  0   -0.197269654317723 8  1   1.69247521101554 8  2   0.522275188813065 8  3   -1.59088566196863 8  4   -1.27675425612959 8  5   0.870968199100574 8  6   2.21567021133345 8  7   1.84110434799935 8  8   0.778059792865642
GtN 

MU   8  0   -0.0478449189106503 8  1   2.46291319897292 8  2   6.3588005693883 8  3   -157.357245660303 8  4   -978.206888850116 8  5   4812.01943550192 8  6   79333.1755399154 8  7   361067.792420072 8  8   610356.131277605
LU   8  0   -0.0478449189106501 8  1   2.46291319897293 8  2   6.3588005693883 8  3   -157.357245660303 8  4   -978.206888850116 8  5   4812.01943550192 8  6   79333.1755399154 8  7   361067.792420072 8  8   610356.131277605
OU   8  0   -0.0478449189106503 8  1   2.46291319897292 8  2   6.35880056938831 8  3   -157.357245660303 8  4   -978.206888850116 8  5   4812.01943550191 8  6   79333.1755399153 8  7   361067.792420072 8  8   610356.131277605

GN   9  0   -1.13283745262926 9  1   0.574009128461869 9  2   1.69257291717363 9  3   -0.150525387242564 9  4   -1.8169608782252 9  5   -0.86886644599366 9  6   1.29897801612166 9  7   2.30239099545576 9  8   1.72677494528334 9  9   0.688008885300752
MN   9  0   -1.13283745262926 9  1   0.574009128461869 9  2   1.69257291717363 9  3   -0.150525387242565 9  4   -1.8169608782252 9  5   -0.868866445993659 9  6   1.29897801612166 9  7   2.30239099545576 9  8   1.72677494528334 9  9   0.688008885300752
GtN 

MU   9  0   -0.259890735550999 9  1   0.883381409551716 9  2   24.435328389553 9  3   -19.9168287252037 9  4   -2123.26066056424 9  5   -8494.92957414666 9  6   98374.8726610139 9  7   1208042.1256579 9  8   5282970.64942128 9  9   8930437.98124891
LU   9  0   -0.259890735551 9  1   0.883381409551713 9  2   24.4353283895531 9  3   -19.9168287252037 9  4   -2123.26066056424 9  5   -8494.92957414667 9  6   98374.8726610139 9  7   1208042.1256579 9  8   5282970.64942128 9  9   8930437.98124891
OU   9  0   -0.259890735550999 9  1   0.883381409551716 9  2   24.435328389553 9  3   -19.9168287252037 9  4   -2123.26066056425 9  5   -8494.92957414667 9  6   98374.8726610137 9  7   1208042.1256579 9  8   5282970.64942128 9  9   8930437.9812489

GN   10  0   -0.954798424071222 10  1   -1.1042424160868 10  2   1.23701894708746 10  3   1.41230605523509 10  4   -0.767949102455637 10  5   -1.85683420413856 10  6   -0.41356652556231 10  7   1.65799683667183 10  8   2.33270778297189 10  9   1.60527580230577 10  10   0.606777156369619
MN   10  0   -0.954798424071222 10  1   -1.1042424160868 10  2   1.23701894708746 10  3   1.41230605523509 10  4   -0.767949102455638 10  5   -1.85683420413856 10  6   -0.413566525562309 10  7   1.65799683667183 10  8   2.33270778297189 10  9   1.60527580230577 10  10   0.606777156369619
GtN 

MU   10  0   -0.208354097701472 10  1   -1.78704760830987 10  2   20.8046266605623 10  3   242.230634025029 10  4   -1303.90430668235 10  5   -29909.3975165566 10  6   -59583.3490303352 10  7   1969779.82420661 10  8   20365318.4492213 10  9   86391760.5930201 10  10   146038339.272505
LU   10  0   -0.208354097701474 10  1   -1.78704760830987 10  2   20.8046266605623 10  3   242.230634025029 10  4   -1303.90430668235 10  5   -29909.3975165566 10  6   -59583.3490303352 10  7   1969779.82420661 10  8   20365318.4492213 10  9   86391760.59302 10  10   146038339.272505
OU   10  0   -0.208354097701473 10  1   -1.78704760830987 10  2   20.8046266605623 10  3   242.230634025029 10  4   -1303.90430668235 10  5   -29909.3975165566 10  6   -59583.3490303354 10  7   1969779.8242066 10  8   20365318.4492213 10  9   86391760.5930199 10  10   146038339.272504

GN   11  0   0.161817013649469 11  1   -1.70159041499431 11  2   -0.407168194569622 11  3   1.64255581996947 11  4   0.949437133113114 11  5   -1.27563355118929 11  6   -1.74208057287374 11  7   0.0544476860329133 11  8   1.94748278986994 11  9   2.31842780540576 11  10   1.48162775600285 11  11   0.533976722975739
MN   11  0   0.161817013649469 11  1   -1.70159041499431 11  2   -0.407168194569621 11  3   1.64255581996947 11  4   0.949437133113116 11  5   -1.27563355118929 11  6   -1.74208057287374 11  7   0.0544476860329145 11  8   1.94748278986994 11  9   2.31842780540576 11  10   1.48162775600285 11  11   0.533976722975739
GtN 

MU   11  0   0.0337411797855848 11  1   -2.88245861289668 11  2   -7.86418229747114 11  3   356.110792496324 11  4   2254.87169362395 11  5   -32061.9967819279 11  6   -442214.477189683 11  7   131118.931320534 11  8   40885225.5570107 11  9   377017901.256719 11  10   1561464608.76001 11  11   2639530630.36115
LU   11  0   0.0337411797855868 11  1   -2.8824586128967 11  2   -7.8641822974713 11  3   356.110792496325 11  4   2254.87169362396 11  5   -32061.9967819279 11  6   -442214.477189683 11  7   131118.931320534 11  8   40885225.5570107 11  9   377017901.256719 11  10   1561464608.76001 11  11   2639530630.36115
OU   11  0   0.0337411797855847 11  1   -2.88245861289669 11  2   -7.86418229747117 11  3   356.110792496325 11  4   2254.87169362395 11  5   -32061.9967819279 11  6   -442214.477189684 11  7   131118.931320531 11  8   40885225.5570107 11  9   377017901.256719 11  10   1561464608.76001 11  11   2639530630.36114

GN   12  0   1.11959152949528 12  1   -0.633577607052873 12  2   -1.65399507639811 12  3   0.322408551186039 12  4   1.78346511496507 12  5   0.391997694144363 12  6   -1.64629910092758 12  7   -1.50668168068958 12  8   0.509937696922979 12  9   2.1705512157575 12  10   2.26967170581146 12  11   1.35937192113517 12  12   0.469058742635495
MN   12  0   1.11959152949528 12  1   -0.633577607052873 12  2   -1.65399507639811 12  3   0.322408551186042 12  4   1.78346511496507 12  5   0.391997694144367 12  6   -1.64629910092758 12  7   -1.50668168068958 12  8   0.50993769692298 12  9   2.1705512157575 12  10   2.26967170581146 12  11   1.35937192113517 12  12   0.469058742635495
GtN 

MU   12  0   0.223918305899055 12  1   -1.11912118315024 12  2   -36.2553306147074 12  3   86.554537275216 12  4   5745.51750086366 12  5   14727.1089448839 12  6   -694269.362682464 12  7   -6784114.87598192 12  8   22960894.5264126 12  9   895738757.991318 12  10   7609328615.65966 12  11   30910106901.1205 12  12   52251055512.5778
LU   12  0   0.22391830589906 12  1   -1.11912118315019 12  2   -36.2553306147077 12  3   86.5545372752138 12  4   5745.51750086365 12  5   14727.108944884 12  6   -694269.362682464 12  7   -6784114.87598192 12  8   22960894.5264126 12  9   895738757.991319 12  10   7609328615.65966 12  11   30910106901.1205 12  12   52251055512.5778
OU   12  0   0.223918305899055 12  1   -1.11912118315024 12  2   -36.2553306147074 12  3   86.5545372752154 12  4   5745.51750086366 12  5   14727.1089448838 12  6   -694269.362682464 12  7   -6784114.87598193 12  8   22960894.5264126 12  9   895738757.991317 12  10   7609328615.65965 12  11   30910106901.1205 12  12   52251055512.5777

GN   13  0   0.977399229180745 13  1   1.05431881883664 13  2   -1.29693314551176 13  3   -1.29755959596325 13  4   0.966390148233803 13  5   1.68853950666978 13  6   -0.187468061647322 13  7   -1.87189131930869 13  8   -1.18350310167952 13  9   0.93534176499887 13  10   2.33248721614257 13  11   2.19498455463827 13  12   1.24095228207705 13  13   0.411398751108905
MN   13  0   0.977399229180744 13  1   1.05431881883664 13  2   -1.29693314551176 13  3   -1.29755959596325 13  4   0.966390148233809 13  5   1.68853950666977 13  6   -0.187468061647317 13  7   -1.87189131930869 13  8   -1.18350310167952 13  9   0.935341764998872 13  10   2.33248721614257 13  11   2.19498455463827 13  12   1.24095228207705 13  13   0.411398751108905
GtN 

MU   13  0   0.188100569357745 13  1   1.93557842469138 13  2   -31.9442470707282 13  3   -423.993027110134 13  4   4117.26058893511 13  5   91563.965857102 13  6   -125332.138927296 13  7   -14807434.1719471 13  8   -105088175.806915 13  9   871066120.316935 13  10   20835022858.8428 13  11   166369007567.162 13  12   665090954879.51 13  13   1124282892825.03
LU   13  0   0.188100569357741 13  1   1.93557842469143 13  2   -31.9442470707277 13  3   -423.993027110136 13  4   4117.26058893506 13  5   91563.9658571021 13  6   -125332.138927292 13  7   -14807434.1719471 13  8   -105088175.806915 13  9   871066120.316936 13  10   20835022858.8428 13  11   166369007567.162 13  12   665090954879.51 13  13   1124282892825.03
OU   13  0   0.188100569357745 13  1   1.93557842469138 13  2   -31.9442470707282 13  3   -423.993027110134 13  4   4117.26058893509 13  5   91563.9658571021 13  6   -125332.1389273 13  7   -14807434.1719471 13  8   -105088175.806915 13  9   871066120.316933 13  10   20835022858.8428 13  11   166369007567.162 13  12   665090954879.509 13  13   1124282892825.03

GN   14  0   -0.12505458710856 14  1   1.70905867899148 14  2   0.317906226959488 14  3   -1.67306450725821 14  4   -0.744710681386242 14  5   1.45223819763274 14  6   1.40545219963635 14  7   -0.733462135555573 14  8   -1.95744482428241 14  9   -0.802342857744652 14  10   1.31921064703488 14  11   2.43973092383165 14  12   2.1014855517038 14  13   1.12799696939604 14  14   0.360349130162006
MN   14  0   -0.125054587108561 14  1   1.70905867899149 14  2   0.317906226959487 14  3   -1.67306450725821 14  4   -0.744710681386244 14  5   1.45223819763275 14  6   1.40545219963635 14  7   -0.733462135555566 14  8   -1.95744482428241 14  9   -0.802342857744649 14  10   1.31921064703489 14  11   2.43973092383165 14  12   2.1014855517038 14  13   1.12799696939604 14  14   0.360349130162006
GtN 

MU   14  0   -0.0232220538437158 14  1   3.25201563312606 14  2   8.72421485847696 14  3   -655.775349954 14  4   -4107.35820798507 14  5   110405.231578683 14  6   1433521.23130047 14  7   -9696620.29049677 14  8   -321138652.24575 14  9   -1546331437.72022 14  10   27851421454.2348 14  11   515080547199.132 14  12   3918383393905.89 14  13   15455580857477.5 14  14   26126419295363.8
LU   14  0   -0.0232220538437197 14  1   3.25201563312596 14  2   8.72421485847751 14  3   -655.775349953992 14  4   -4107.3582079851 14  5   110405.231578681 14  6   1433521.23130047 14  7   -9696620.29049671 14  8   -321138652.24575 14  9   -1546331437.72022 14  10   27851421454.2348 14  11   515080547199.132 14  12   3918383393905.89 14  13   15455580857477.5 14  14   26126419295363.8
OU   14  0   -0.0232220538437157 14  1   3.25201563312606 14  2   8.72421485847698 14  3   -655.775349954002 14  4   -4107.35820798506 14  5   110405.231578682 14  6   1433521.23130047 14  7   -9696620.29049688 14  8   -321138652.24575 14  9   -1546331437.72023 14  10   27851421454.2347 14  11   515080547199.131 14  12   3918383393905.88 14  13   15455580857477.5 14  14   26126419295363.8

GN   15  0   -1.104752054019 15  1   0.68918909612486 15  2   1.62176103470013 15  3   -0.44418716329045 15  4   -1.74737459235454 15  5   -0.105341209668191 15  6   1.7454923761633 15  7   0.989072960802393 15  8   -1.2067966069889 15  9   -1.91636232428819 15  10   -0.388980563156659 15  11   1.65486570569968 15  12   2.49918976135296 15  13   1.99503198747324 15  14   1.02152803477174 15  15   0.315271144574493
MN   15  0   -1.104752054019 15  1   0.689189096124859 15  2   1.62176103470013 15  3   -0.444187163290451 15  4   -1.74737459235453 15  5   -0.105341209668196 15  6   1.74549237616331 15  7   0.98907296080239 15  8   -1.20679660698889 15  9   -1.91636232428819 15  10   -0.388980563156655 15  11   1.65486570569968 15  12   2.49918976135296 15  13   1.99503198747324 15  14   1.02152803477175 15  15   0.315271144574493
GtN 

MU   15  0   -0.198419326326783 15  1   1.35596404493782 15  2   49.2249310230228 15  3   -206.239661362886 15  4   -12250.6638538945 15  5   -10954.265138698 15  6   2630344.00641691 15  7   20972756.7162345 15  8   -347112442.618396 15  9   -7144442843.23177 15  10   -17760871509.4833 15  11   861530791279.064 15  12   13521322100374.9 15  13   98925768316131.7 15  14   385765917723167 15  15   652106330343459
LU   15  0   -0.198419326326772 15  1   1.35596404493767 15  2   49.2249310230207 15  3   -206.239661362865 15  4   -12250.6638538944 15  5   -10954.2651387006 15  6   2630344.00641688 15  7   20972756.7162344 15  8   -347112442.618396 15  9   -7144442843.23177 15  10   -17760871509.4834 15  11   861530791279.064 15  12   13521322100374.9 15  13   98925768316131.7 15  14   385765917723167 15  15   652106330343459
OU   15  0   -0.198419326326783 15  1   1.35596404493782 15  2   49.2249310230227 15  3   -206.239661362886 15  4   -12250.6638538946 15  5   -10954.2651386977 15  6   2630344.00641689 15  7   20972756.7162345 15  8   -347112442.6184 15  9   -7144442843.23177 15  10   -17760871509.4836 15  11   861530791279.062 15  12   13521322100374.8 15  13   98925768316131.5 15  14   385765917723166 15  15   652106330343458

GN   16  0   -0.99935713334212 16  1   -1.00587906841283 16  2   1.34610241033434 16  3   1.20871406006187 16  4   -1.09547719451611 16  5   -1.554336799862 16  6   0.526806509230482 16  7   1.84095830711542 16  8   0.493799368439676 16  9   -1.58268799140566 16  10   -1.76685844590476 16  11   0.0351395253684396 16  12   1.93927072088137 16  13   2.51778033574481 16  14   1.88038291097027 16  15   0.92211939845534 16  16   0.275554006550645
MN   16  0   -0.99935713334212 16  1   -1.00587906841283 16  2   1.34610241033434 16  3   1.20871406006188 16  4   -1.09547719451612 16  5   -1.55433679986199 16  6   0.526806509230474 16  7   1.84095830711544 16  8   0.493799368439673 16  9   -1.58268799140565 16  10   -1.76685844590476 16  11   0.0351395253684433 16  12   1.93927072088137 16  13   2.51778033574481 16  14   1.88038291097027 16  15   0.92211939845534 16  16   0.275554006550645
GtN 

MU   16  0   -0.173965747234802 16  1   -2.0420118365257 16  2   44.9027012723377 16  3   657.595387926686 16  4   -9610.04009285658 16  5   -216454.818622148 16  6   1141250.40452321 16  7   60483607.0209863 16  8   238435620.207979 16  9   -10807641010.2226 16  10   -162769509317.066 16  11   41202606996.348 16  12   26904892618670.5 16  13   376218072851341 16  14   2.66556555366417E+15 16  15   1.02926232191637E+16 16  16   1.73988536796382E+16
LU   16  0   -0.173965747234794 16  1   -2.04201183652561 16  2   44.9027012723366 16  3   657.595387926651 16  4   -9610.04009285618 16  5   -216454.818622145 16  6   1141250.40452319 16  7   60483607.0209858 16  8   238435620.20798 16  9   -10807641010.2226 16  10   -162769509317.066 16  11   41202606996.3472 16  12   26904892618670.5 16  13   376218072851342 16  14   2.66556555366417E+15 16  15   1.02926232191637E+16 16  16   1.73988536796382E+16
OU   16  0   -0.173965747234802 16  1   -2.0420118365257 16  2   44.9027012723377 16  3   657.595387926682 16  4   -9610.04009285656 16  5   -216454.818622151 16  6   1141250.40452322 16  7   60483607.0209856 16  8   238435620.207979 16  9   -10807641010.2227 16  10   -162769509317.066 16  11   41202606996.3401 16  12   26904892618670.4 16  13   376218072851341 16  14   2.66556555366417E+15 16  15   1.02926232191637E+16 16  16   1.73988536796381E+16

GN   17  0   0.0876080848654014 17  1   -1.71469330200037 17  2   -0.240658439827859 17  3   1.69320869979725 17  4   0.593606168708797 17  5   -1.5506108622991 17  6   -1.15640995494085 17  7   1.08022177791072 17  8   1.75416591695514 17  9   -0.031145983945416 17  10   -1.84835969752328 17  11   -1.52934978110607 17  12   0.452833496475253 17  13   2.17210003780896 17  14   2.50213270651233 17  15   1.76135424708409 17  16   0.830016483319222 17  17   0.240625594320571
MN   17  0   0.0876080848654017 17  1   -1.71469330200037 17  2   -0.240658439827857 17  3   1.69320869979725 17  4   0.593606168708813 17  5   -1.55061086229911 17  6   -1.15640995494082 17  7   1.08022177791071 17  8   1.75416591695517 17  9   -0.0311459839454202 17  10   -1.84835969752326 17  11   -1.52934978110607 17  12   0.452833496475257 17  13   2.17210003780896 17  14   2.50213270651233 17  15   1.76135424708409 17  16   0.830016483319222 17  17   0.240625594320571
GtN 

MU   17  0   0.0148084691345222 17  1   -3.58507416679016 17  2   -8.77302934245228 17  3   1069.10313641772 17  4   6426.59871789428 17  5   -283902.107284621 17  6   -3517484.21221029 17  7   53386964.3837259 17  8   1370764887.97169 17  9   -372307930.405666 17  10   -324723409014.483 17  11   -3761507812718.87 17  12   14691573479325.9 17  13   863088280904670 17  14   1.1071247993641E+16 17  15   7.6360465394522E+16 17  16   2.92334815520699E+17 17  17   4.94168548911668E+17
LU   17  0   0.0148084691344924 17  1   -3.58507416679005 17  2   -8.773029342448 17  3   1069.10313641769 17  4   6426.59871789362 17  5   -283902.107284611 17  6   -3517484.21221016 17  7   53386964.3837251 17  8   1370764887.97168 17  9   -372307930.405598 17  10   -324723409014.482 17  11   -3761507812718.87 17  12   14691573479325.8 17  13   863088280904670 17  14   1.1071247993641E+16 17  15   7.6360465394522E+16 17  16   2.92334815520699E+17 17  17   4.94168548911667E+17
OU   17  0   0.0148084691345222 17  1   -3.58507416679016 17  2   -8.77302934245234 17  3   1069.10313641772 17  4   6426.5987178941 17  5   -283902.10728462 17  6   -3517484.21221038 17  7   53386964.3837262 17  8   1370764887.97167 17  9   -372307930.40566 17  10   -324723409014.486 17  11   -3761507812718.87 17  12   14691573479325.6 17  13   863088280904668 17  14   1.1071247993641E+16 17  15   7.63604653945218E+16 17  16   2.92334815520699E+17 17  17   4.94168548911666E+17

GN   18  0   1.08858079887249 18  1   -0.742361555333496 18  2   -1.59164037499415 18  3   0.541300934933566 18  4   1.71180880712833 18  5   -0.0965203090269533 18  6   -1.77135089854596 18  7   -0.627558247431075 18  8   1.50685800036131 18  9   1.51387725705503 18  10   -0.544273311928793 18  11   -2.00055600703842 18  12   -1.22460068915223 18  13   0.850872240471462 18  14   2.35498124347462 18  15   2.45840951134139 18  16   1.64096105540716 18  17   0.745227111903979 18  18   0.209957772701638
MN   18  0   1.08858079887249 18  1   -0.742361555333496 18  2   -1.59164037499415 18  3   0.541300934933573 18  4   1.71180880712832 18  5   -0.0965203090269212 18  6   -1.77135089854598 18  7   -0.627558247431026 18  8   1.5068580003613 18  9   1.51387725705507 18  10   -0.544273311928798 18  11   -2.0005560070384 18  12   -1.22460068915223 18  13   0.850872240471467 18  14   2.35498124347462 18  15   2.45840951134139 18  16   1.64096105540716 18  17   0.745227111903979 18  18   0.209957772701638
GtN 

MU   18  0   0.178961580934694 18  1   -1.59592569156719 18  2   -63.093061147528 18  3   393.319127941171 18  4   22595.3210660385 18  5   -22861.7725605862 18  6   -7410936.55239553 18  7   -45476094.6823694 18  8   1846649468.421 18  9   30484893617.4298 18  10   -173984808339.77 18  11   -9740673722634.87 18  12   -86405707158004.3 18  13   818782886083041 18  14   2.86649933466477E+16 18  15   3.4379977324925E+17 18  16   2.31765996275473E+18 18  17   8.80621147994136E+18 18  18   1.48861939030446E+19
LU   18  0   0.178961580934632 18  1   -1.59592569156731 18  2   -63.093061147525 18  3   393.319127941289 18  4   22595.3210660364 18  5   -22861.7725606071 18  6   -7410936.55239545 18  7   -45476094.6823649 18  8   1846649468.42098 18  9   30484893617.4294 18  10   -173984808339.769 18  11   -9740673722634.85 18  12   -86405707158004.5 18  13   818782886083040 18  14   2.86649933466476E+16 18  15   3.4379977324925E+17 18  16   2.31765996275472E+18 18  17   8.80621147994136E+18 18  18   1.48861939030446E+19
OU   18  0   0.178961580934694 18  1   -1.59592569156719 18  2   -63.093061147528 18  3   393.319127941166 18  4   22595.3210660385 18  5   -22861.7725605937 18  6   -7410936.55239549 18  7   -45476094.6823727 18  8   1846649468.42101 18  9   30484893617.429 18  10   -173984808339.77 18  11   -9740673722634.96 18  12   -86405707158004.5 18  13   818782886083032 18  14   2.86649933466476E+16 18  15   3.4379977324925E+17 18  16   2.31765996275472E+18 18  17   8.80621147994134E+18 18  18   1.48861939030445E+19

GN   19  0   1.0205069322557 19  1   0.957754975270462 19  2   -1.38874445995583 19  3   -1.13278596048451 19  4   1.19042510737448 19  5   1.44222796277537 19  6   -0.751268901984226 19  7   -1.75769033624006 19  8   -0.0414012192859577 19  9   1.78043794813107 19  10   1.1559502814624 19  11   -1.01287762437851 19  12   -2.04319813244064 19  13   -0.872461866464672 19  14   1.21955303493629 19  15   2.49088919571608 19  16   2.39220590376969 19  17   1.52154506940414 19  18   0.667590619119585 19  19   0.183068232293965
MN   19  0   1.0205069322557 19  1   0.957754975270461 19  2   -1.38874445995583 19  3   -1.13278596048452 19  4   1.19042510737451 19  5   1.44222796277535 19  6   -0.751268901984166 19  7   -1.75769033624009 19  8   -0.0414012192858861 19  9   1.78043794813105 19  10   1.15595028146245 19  11   -1.01287762437851 19  12   -2.04319813244062 19  13   -0.872461866464667 19  14   1.21955303493629 19  15   2.49088919571608 19  16   2.3922059037697 19  17   1.52154506940414 19  18   0.667590619119586 19  19   0.183068232293965
GtN 

MU   19  0   0.163411891007399 19  1   2.11397045684734 19  2   -59.5953996229761 19  3   -940.100006757824 19  4   18951.8750915138 19  5   435647.543362245 19  6   -4245519.03017369 19  7   -182614851.729313 19  8   -77424670.6473895 19  9   58434379347.2855 19  10   646070256112.857 19  11   -9302066749361.25 19  12   -295500893080560 19  13   -1.88850777819651E+15 19  14   3.71454488387977E+16 19  15   9.8919927339785E+17 19  16   1.12406637200297E+19 19  17   7.43002194407911E+19 19  18   2.80434448149454E+20 19  19   4.74051932747119E+20
LU   19  0   0.163411891007422 19  1   2.11397045684724 19  2   -59.5953996229802 19  3   -940.100006757606 19  4   18951.875091517 19  5   435647.543362197 19  6   -4245519.03017403 19  7   -182614851.729307 19  8   -77424670.6472466 19  9   58434379347.2846 19  10   646070256112.849 19  11   -9302066749361.19 19  12   -295500893080560 19  13   -1.88850777819652E+15 19  14   3.71454488387976E+16 19  15   9.8919927339785E+17 19  16   1.12406637200297E+19 19  17   7.43002194407911E+19 19  18   2.80434448149454E+20 19  19   4.74051932747119E+20
OU   19  0   0.163411891007399 19  1   2.11397045684734 19  2   -59.5953996229762 19  3   -940.10000675782 19  4   18951.8750915135 19  5   435647.543362248 19  6   -4245519.03017402 19  7   -182614851.729312 19  8   -77424670.6475205 19  9   58434379347.2858 19  10   646070256112.829 19  11   -9302066749361.25 19  12   -295500893080563 19  13   -1.88850777819652E+15 19  14   3.71454488387973E+16 19  15   9.89199273397848E+17 19  16   1.12406637200297E+19 19  17   7.43002194407909E+19 19  18   2.80434448149453E+20 19  19   4.74051932747118E+20

GN   20  0   -0.0497596420970793 20  1   1.7184846902176 20  2   0.16998620285249 20  3   -1.70699785471213 20  4   -0.47118894154349 20  5   1.61248700987051 20  6   0.960216313561644 20  7   -1.28728372041751 20  8   -1.53730864412028 20  9   0.536539834806676 20  10   1.89318026007782 20  11   0.718597044823255 20  12   -1.4130753132701 20  13   -1.98530295456932 20  14   -0.491064994561661 20  15   1.55221928830971 20  16   2.58366878492842 20  17   2.30850570300289 20  18   1.40488714335525 20  19   0.596830324612795 20  20   0.159520112235676
MN   20  0   -0.0497596420970797 20  1   1.7184846902176 20  2   0.169986202852488 20  3   -1.70699785471212 20  4   -0.471188941543506 20  5   1.61248700987056 20  6   0.960216313561612 20  7   -1.28728372041741 20  8   -1.53730864412032 20  9   0.536539834806777 20  10   1.89318026007779 20  11   0.718597044823312 20  12   -1.41307531327011 20  13   -1.9853029545693 20  14   -0.491064994561655 20  15   1.55221928830972 20  16   2.58366878492842 20  17   2.30850570300289 20  18   1.40488714335525 20  19   0.596830324612796 20  20   0.159520112235676
GtN 

MU   20  0   -0.00777115049653159 20  1   3.88922784488812 20  2   7.86537679633756 20  3   -1607.08558546878 20  4   -8960.47848379879 20  5   613284.985425156 20  6   7212195.51216942 20  7   -187983005.158004 20  8   -4283078873.85093 20  9   27886023955.0551 20  10   1787448601134.83 20  11   11945597259662.1 20  12   -398642864515739 20  13   -9.10012667866305E+15 20  14   -3.47254677412112E+16 20  15   1.59063982145679E+18 20  16   3.55215465299297E+19 20  17   3.86115145217414E+20 20  18   2.50887918861484E+21 20  19   9.41318281997741E+21 20  20   1.5912230250451E+22
LU   20  0   -0.00777115049636704 20  1   3.88922784488922 20  2   7.86537679632207 20  3   -1607.08558546907 20  4   -8960.47848379263 20  5   613284.985425161 20  6   7212195.51216936 20  7   -187983005.158028 20  8   -4283078873.85071 20  9   27886023955.057 20  10   1787448601134.81 20  11   11945597259661.9 20  12   -398642864515738 20  13   -9.10012667866302E+15 20  14   -3.47254677412113E+16 20  15   1.59063982145679E+18 20  16   3.55215465299297E+19 20  17   3.86115145217414E+20 20  18   2.50887918861484E+21 20  19   9.41318281997741E+21 20  20   1.5912230250451E+22
OU   20  0   -0.00777115049653152 20  1   3.88922784488812 20  2   7.86537679633766 20  3   -1607.08558546879 20  4   -8960.47848379861 20  5   613284.985425137 20  6   7212195.51216952 20  7   -187983005.158018 20  8   -4283078873.85087 20  9   27886023955.0499 20  10   1787448601134.84 20  11   11945597259661 20  12   -398642864515739 20  13   -9.10012667866317E+15 20  14   -3.47254677412116E+16 20  15   1.59063982145678E+18 20  16   3.55215465299296E+19 20  17   3.86115145217413E+20 20  18   2.50887918861484E+21 20  19   9.41318281997739E+21 20  20   1.59122302504509E+22


accelerations --------------- 
GTDS case nonspherical, no two-body ---------- 
legarrGU 4 0   -0.303117555275015  4 1   -1.29860642699328  4 4   57.6171009141315
legarrGN 4 0   -0.909352665825046  4 1   -1.23196622802958  4 4   1.21738344956751
trigarr 2 2 Sin  0.667850221739866  Cos   -0.744295694816255  Tan   1.18313808583943

GTDS case nonspherical, no two-body ---------- 
legarrGU 4 0   -0.303117555275015  4 1   -1.29860642699328  4 4   57.6171009141315
legarrGN 4 0   -0.909352665825046  4 1   -1.23196622802958  4 4   1.21738344956751
trigarr 2 2 Sin  0.667850221739866  Cos   -0.744295694816255  Tan   1.18313808583943
apertG eci  21 21 NaN     NaN     NaN


Montenbruck case nonspherical, no two-body ---------- 
legarrMU 4 0   -0.303117555275015  4 1   -1.29860642699328  4 4   57.6171009141315
legarrMN 4 0   -0.909352665825045  4 1   -1.23196622802957  4 4   1.21738344956751
VArrN   1    0.762847417067856    -0.461090594307729
WArrN   1    0    -1.20427951116937
VArrN   2    -0.199957318038288    -0.488239344881186    -0.858991416536105
WArrN   2    0    -1.27518680026415    0.770765721206951
VArrN   3    -0.858723700505083    -0.110500007117547    -1.07621577356036
WArrN   3    0    -0.288604660772843    0.965679296572675
VArrN   4    -0.632863522011727    0.306570628642781    -0.524221873892103    1.26143001830155    0.0914611083273732
WArrN   4    0    0.800703226998411    0.470379846555688    0.646839318881442    -0.842286208839345
apertM  bf 21 21 NaN     NaN     NaN

Montenbruck case nonspherical, no two-body ---------- 
legarrMU 4 0   -0.303117555275015  4 1   -1.29860642699328  4 4   57.6171009141315
legarrMN 4 0   -0.909352665825045  4 1   -1.23196622802957  4 4   1.21738344956751
VArrN   1    0.762847417067856    -0.461090594307729
WArrN   1    0    -1.20427951116937
VArrN   2    -0.199957318038288    -0.488239344881186    -0.858991416536105
WArrN   2    0    -1.27518680026415    0.770765721206951
VArrN   3    -0.858723700505083    -0.110500007117547    -1.07621577356036
WArrN   3    0    -0.288604660772843    0.965679296572675
VArrN   4    -0.632863522011727    0.306570628642781    -0.524221873892103    1.26143001830155    0.0914611083273732
WArrN   4    0    0.800703226998411    0.470379846555688    0.646839318881442    -0.842286208839345
apertM  bf 21 21 NaN     NaN     NaN
apertM eci  21 21 NaN     NaN     NaN


Montenbruck C case ---------- 
VArrN   1    0    0
WArrN   1    0    0
VArrN   2    0    0    0
WArrN   2    0    0    0
VArrN   3    0    0    0
WArrN   3    0    0    0
VArrN   4    0    0    0    0    0
WArrN   4    0    0    0    0    0
apertMC unbf 21 21 NaN     NaN     NaN

Montenbruck C case ---------- 
VArrN   1    0    0
WArrN   1    0    0
VArrN   2    0    0    0
WArrN   2    0    0    0
VArrN   3    0    0    0
WArrN   3    0    0    0
VArrN   4    0    0    0    0    0
WArrN   4    0    0    0    0    0
apertMC unbf 21 21 NaN     NaN     NaN
apertM1 eci 21 21 NaN     NaN     NaN


Pines acceleration 

0 1
1 0.881874108919013 1.73205080756888
2 -0.248536782261483 1.97193045513997 1.93649167310371
3 -1.14760194020578 0.479850091895176 2.60861879350738 2.09165006633519
acceleration 21 -1.06644898650213E-06 -2.89076795391013E-06 -1.03055863486223E-05
Lear acceleration 

0 -0.881874108919013
1 1.86496556130457 -1.69719647176954
2 -1.23101385265194 1.79459456775394 -1.63315593158633
3 -0.982911641475478 5.64503672793566 0.943270770199484 -2.2773659985588
acceleration 21 0.00542727386023547 -0.00486994376089698 -0.00432569990368706
Gottlieb acceleration 

0 1
1 0.881874108919013 1.73205080756888
2 -0.248536782261484 1.97193045513997 1.93649167310371
3 -1.14760194020578 0.479850091895176 2.60861879350738 2.09165006633519
acceleration 21 0.00260725316927524 0.00680970230994302 -0.00432554737352605
Fukushima acceleration 
0
a  2  0  0 b 0
a  2  1  0 b 0
a  4  0  0 b 0
a  4  1  0 b 0
a  4  4  0 b 0
a 10 10  0 b 0
a 21  1 0 b 0


gravity field D:/Dataorig/Gravity/EGM2008_to2190_TideFree.txt 21 --------------- 
 summary accelerations ----------------------------------------------- 
apertG bf  21 21 NaN     NaN     NaN
apertM bf  21 21 NaN     NaN     NaN
apertMC bf 21 21 NaN     NaN     NaN
apertGt bf 21 21 0     0     0
apertG  eci 21 21 NaN     NaN     NaN
apertM  eci 21 21 NaN     NaN     NaN
apertMC eci 21 21 NaN     NaN     NaN
apertGt eci 21 21 0     0     0
STK ans 4x4         -0.0000003723020	-0.0000031362090   	-0.0000102647170

a2body      0.000748730785424922     0.00725534667002326     -0.00431725856824789
 now with two body included
apertG 21 21 NaN     NaN     NaN
apertM 21 21 NaN     NaN     NaN
apertMC 21 21 NaN     NaN     NaN
STK ans 4x4 w2   0.0007483593980          0.0072522125910         -0.0043275195170

------------------ find drag acceleration
 vrel -2.86229152118465 -3.01970605249236 -6.48270483869456
 adrag ecef1.4551905246256E-09 1.5352201556754E-09 3.29581057184158E-09
 agrav + drag ecefNaN NaN NaN
 adrag eci 1.80773890991982E-09 1.09821927520565E-09 3.29588260894461E-09
ans drag JR spline      0.0000000001040	0.0000000002090	0.0000000003550

ans drag JR daily       0.0000000000840	0.0000000001720	0.0000000002900

ans drag MSIS daily     0.0000000000730	0.0000000001510	0.0000000002530

 agrav+drag eci NaN NaN NaN
 ------------------ find third body acceleration
 diff rsun stk-mine -6088.18729843199 -4122.79016380012 -7848.06712275371 10754.3284717719
 diff rsun jpl-mine -745.158288434148 -1113.31977979839 -482.564612753689 1423.9418570976
 diff rsun stk-jpl  -5343.02900999784 -3009.47038400173 -7365.50251000002 9584.12741039468
 diff rmoon jpl-mine -47.2249839143533 -2.1738805368077 3.647275105468 47.4154771988452
 rsun  126922443.571688 -69563008.5497202 -30155781.3573872
 rmoon 14509.5216839144 -357094.802319463 -151602.949375105
 a3bodyS  eci 1.8664225927742E-10 1.52428898324683E-10 -1.81891224792652E-10
 a3bodyS2 eci-5.21230891690099E-06 2.85673581083689E-06 1.23840389171555E-06
 a3bodyS1 eci1.86642259275989E-10 1.52428898324916E-10 -1.81891224792366E-10
ans sun        0.0000000001820	0.0000000001620	-0.0000000001800

 a3bodyM  eci 9.04578149430377E-11 -4.30445725738169E-10 -7.00005526301626E-10
 a3bodyM2 eci-1.17717436705381E-09 2.89715165707113E-08 1.22997235788951E-08
 a3bodyM1 eci9.04578149430377E-11 -4.30445725738167E-10 -7.00005526301627E-10
ans moon        0.0000000000860	-0.0000000004210	-0.0000000006980

 a3body S/M eci2.77100074219027E-10 -2.78016827413251E-10 -8.81896751093992E-10
ans sun/moon    0.0000000002730	-0.0000000002680	-0.0000000008800

 ------------------ find srp acceleration

 asrp eci -1.87909587490722E-10 1.02979350356498E-10 4.46508088305257E-11
ans srp        -0.0000000001970	0.0000000001150	0.0000000000480

 ------------------ add perturbing accelerations

 aecef 1.4551905246256E-09 1.5352201556754E-09 3.29581057184158E-09
 aeci 1.80773890991982E-09 1.09821927520565E-09 3.29588260894461E-09
 aeci2body 0.000748730785424922 0.00725534667002326 -0.00431725856824789
total aeci 0.000748732682354319 0.00725534759320506 -0.00431725610961123

 ===================================== Timing Comparisons =====================================
Done with Montenbruck calcs 2.578 sec  
Done with GTDS calcs 0.98 sec  
Done with GTDS ALF calcs 5.073 sec  
Done with Gott ALF calcs 0.048 sec  
Done with Mont ALF calcs 4.904 sec  
Done with Fukushima ALF calcs 0 sec  

 ===================================== Pole Test Comparisons =====================================
test pole 89.9 154 NaN     NaN     NaN
test pole 89.901 154 NaN     NaN     NaN
test pole 89.902 154 NaN     NaN     NaN
test pole 89.903 154 NaN     NaN     NaN
test pole 89.904 154 NaN     NaN     NaN
test pole 89.905 154 NaN     NaN     NaN
test pole 89.906 154 NaN     NaN     NaN
test pole 89.907 154 NaN     NaN     NaN
test pole 89.908 154 NaN     NaN     NaN
test pole 89.909 154 NaN     NaN     NaN
test pole 89.91 154 NaN     NaN     NaN
test pole 89.911 154 NaN     NaN     NaN
test pole 89.912 154 NaN     NaN     NaN
test pole 89.913 154 NaN     NaN     NaN
test pole 89.914 154 NaN     NaN     NaN
test pole 89.915 154 NaN     NaN     NaN
test pole 89.916 154 NaN     NaN     NaN
test pole 89.917 154 NaN     NaN     NaN
test pole 89.918 154 NaN     NaN     NaN
test pole 89.919 154 NaN     NaN     NaN
test pole 89.92 154 NaN     NaN     NaN
test pole 89.921 154 NaN     NaN     NaN
test pole 89.922 154 NaN     NaN     NaN
test pole 89.923 154 NaN     NaN     NaN
test pole 89.924 154 NaN     NaN     NaN
test pole 89.925 154 NaN     NaN     NaN
test pole 89.926 154 NaN     NaN     NaN
test pole 89.927 154 NaN     NaN     NaN
test pole 89.928 154 NaN     NaN     NaN
test pole 89.929 154 NaN     NaN     NaN
test pole 89.93 154 NaN     NaN     NaN
test pole 89.931 154 NaN     NaN     NaN
test pole 89.932 154 NaN     NaN     NaN
test pole 89.933 154 NaN     NaN     NaN
test pole 89.934 154 NaN     NaN     NaN
test pole 89.935 154 NaN     NaN     NaN
test pole 89.936 154 NaN     NaN     NaN
test pole 89.937 154 NaN     NaN     NaN
test pole 89.938 154 NaN     NaN     NaN
test pole 89.939 154 NaN     NaN     NaN
test pole 89.94 154 NaN     NaN     NaN
test pole 89.941 154 NaN     NaN     NaN
test pole 89.942 154 NaN     NaN     NaN
test pole 89.943 154 NaN     NaN     NaN
test pole 89.944 154 NaN     NaN     NaN
test pole 89.945 154 NaN     NaN     NaN
test pole 89.946 154 NaN     NaN     NaN
test pole 89.947 154 NaN     NaN     NaN
test pole 89.948 154 NaN     NaN     NaN
test pole 89.949 154 NaN     NaN     NaN
test pole 89.95 154 NaN     NaN     NaN
test pole 89.951 154 NaN     NaN     NaN
test pole 89.952 154 NaN     NaN     NaN
test pole 89.953 154 NaN     NaN     NaN
test pole 89.954 154 NaN     NaN     NaN
test pole 89.955 154 NaN     NaN     NaN
test pole 89.956 154 NaN     NaN     NaN
test pole 89.957 154 NaN     NaN     NaN
test pole 89.958 154 NaN     NaN     NaN
test pole 89.959 154 NaN     NaN     NaN
test pole 89.96 154 NaN     NaN     NaN
test pole 89.961 154 NaN     NaN     NaN
test pole 89.962 154 NaN     NaN     NaN
test pole 89.963 154 NaN     NaN     NaN
test pole 89.964 154 NaN     NaN     NaN
test pole 89.965 154 NaN     NaN     NaN
test pole 89.966 154 NaN     NaN     NaN
test pole 89.967 154 NaN     NaN     NaN
test pole 89.968 154 NaN     NaN     NaN
test pole 89.969 154 NaN     NaN     NaN
test pole 89.97 154 NaN     NaN     NaN
test pole 89.971 154 NaN     NaN     NaN
test pole 89.972 154 NaN     NaN     NaN
test pole 89.973 154 NaN     NaN     NaN
test pole 89.974 154 NaN     NaN     NaN
test pole 89.975 154 NaN     NaN     NaN
test pole 89.976 154 NaN     NaN     NaN
test pole 89.977 154 NaN     NaN     NaN
test pole 89.978 154 NaN     NaN     NaN
test pole 89.979 154 NaN     NaN     NaN
test pole 89.98 154 NaN     NaN     NaN
test pole 89.981 154 NaN     NaN     NaN
test pole 89.982 154 NaN     NaN     NaN
test pole 89.983 154 NaN     NaN     NaN
test pole 89.984 154 NaN     NaN     NaN
test pole 89.985 154 NaN     NaN     NaN
test pole 89.986 154 NaN     NaN     NaN
test pole 89.987 154 NaN     NaN     NaN
test pole 89.988 154 NaN     NaN     NaN
test pole 89.989 154 NaN     NaN     NaN
test pole 89.99 154 NaN     NaN     NaN
test pole 89.991 154 NaN     NaN     NaN
test pole 89.992 154 NaN     NaN     NaN
test pole 89.993 154 NaN     NaN     NaN
test pole 89.994 154 NaN     NaN     NaN
test pole 89.995 154 NaN     NaN     NaN
test pole 89.996 154 NaN     NaN     NaN
test pole 89.997 154 NaN     NaN     NaN
test pole 89.998 154 NaN     NaN     NaN
test pole 89.999 154 NaN     NaN     NaN
test pole 90 154 NaN     NaN     NaN
test pole 90.001 154 NaN     NaN     NaN
test pole 90.002 154 NaN     NaN     NaN
test pole 90.003 154 NaN     NaN     NaN
test pole 90.004 154 NaN     NaN     NaN
test pole 90.005 154 NaN     NaN     NaN
test pole 90.006 154 NaN     NaN     NaN
test pole 90.007 154 NaN     NaN     NaN
test pole 90.008 154 NaN     NaN     NaN
test pole 90.009 154 NaN     NaN     NaN
test pole 90.01 154 NaN     NaN     NaN
test pole 90.011 154 NaN     NaN     NaN
test pole 90.012 154 NaN     NaN     NaN
test pole 90.013 154 NaN     NaN     NaN
test pole 90.014 154 NaN     NaN     NaN
test pole 90.015 154 NaN     NaN     NaN
test pole 90.016 154 NaN     NaN     NaN
test pole 90.017 154 NaN     NaN     NaN
test pole 90.018 154 NaN     NaN     NaN
test pole 90.019 154 NaN     NaN     NaN
test pole 90.02 154 NaN     NaN     NaN
test pole 90.021 154 NaN     NaN     NaN
test pole 90.022 154 NaN     NaN     NaN
test pole 90.023 154 NaN     NaN     NaN
test pole 90.024 154 NaN     NaN     NaN
test pole 90.025 154 NaN     NaN     NaN
test pole 90.026 154 NaN     NaN     NaN
test pole 90.027 154 NaN     NaN     NaN
test pole 90.028 154 NaN     NaN     NaN
test pole 90.029 154 NaN     NaN     NaN
test pole 90.03 154 NaN     NaN     NaN
test pole 90.031 154 NaN     NaN     NaN
test pole 90.032 154 NaN     NaN     NaN
test pole 90.033 154 NaN     NaN     NaN
test pole 90.034 154 NaN     NaN     NaN
test pole 90.035 154 NaN     NaN     NaN
test pole 90.036 154 NaN     NaN     NaN
test pole 90.037 154 NaN     NaN     NaN
test pole 90.038 154 NaN     NaN     NaN
test pole 90.039 154 NaN     NaN     NaN
test pole 90.04 154 NaN     NaN     NaN
test pole 90.041 154 NaN     NaN     NaN
test pole 90.042 154 NaN     NaN     NaN
test pole 90.043 154 NaN     NaN     NaN
test pole 90.044 154 NaN     NaN     NaN
test pole 90.045 154 NaN     NaN     NaN
test pole 90.046 154 NaN     NaN     NaN
test pole 90.047 154 NaN     NaN     NaN
test pole 90.048 154 NaN     NaN     NaN
test pole 90.049 154 NaN     NaN     NaN
test pole 90.05 154 NaN     NaN     NaN
test pole 90.051 154 NaN     NaN     NaN
test pole 90.052 154 NaN     NaN     NaN
test pole 90.053 154 NaN     NaN     NaN
test pole 90.054 154 NaN     NaN     NaN
test pole 90.055 154 NaN     NaN     NaN
test pole 90.056 154 NaN     NaN     NaN
test pole 90.057 154 NaN     NaN     NaN
test pole 90.058 154 NaN     NaN     NaN
test pole 90.059 154 NaN     NaN     NaN
test pole 90.06 154 NaN     NaN     NaN
test pole 90.061 154 NaN     NaN     NaN
test pole 90.062 154 NaN     NaN     NaN
test pole 90.063 154 NaN     NaN     NaN
test pole 90.064 154 NaN     NaN     NaN
test pole 90.065 154 NaN     NaN     NaN
test pole 90.066 154 NaN     NaN     NaN
test pole 90.067 154 NaN     NaN     NaN
test pole 90.068 154 NaN     NaN     NaN
test pole 90.069 154 NaN     NaN     NaN
test pole 90.07 154 NaN     NaN     NaN
test pole 90.071 154 NaN     NaN     NaN
test pole 90.072 154 NaN     NaN     NaN
test pole 90.073 154 NaN     NaN     NaN
test pole 90.074 154 NaN     NaN     NaN
test pole 90.075 154 NaN     NaN     NaN
test pole 90.076 154 NaN     NaN     NaN
test pole 90.077 154 NaN     NaN     NaN
test pole 90.078 154 NaN     NaN     NaN
test pole 90.079 154 NaN     NaN     NaN
test pole 90.08 154 NaN     NaN     NaN
test pole 90.081 154 NaN     NaN     NaN
test pole 90.082 154 NaN     NaN     NaN
test pole 90.083 154 NaN     NaN     NaN
test pole 90.084 154 NaN     NaN     NaN
test pole 90.085 154 NaN     NaN     NaN
test pole 90.086 154 NaN     NaN     NaN
test pole 90.087 154 NaN     NaN     NaN
test pole 90.088 154 NaN     NaN     NaN
test pole 90.089 154 NaN     NaN     NaN
test pole 90.09 154 NaN     NaN     NaN
test pole 90.091 154 NaN     NaN     NaN
test pole 90.092 154 NaN     NaN     NaN
test pole 90.093 154 NaN     NaN     NaN
test pole 90.094 154 NaN     NaN     NaN
test pole 90.095 154 NaN     NaN     NaN
test pole 90.096 154 NaN     NaN     NaN
test pole 90.097 154 NaN     NaN     NaN
test pole 90.098 154 NaN     NaN     NaN
test pole 90.099 154 NaN     NaN     NaN
test pole 90.1 154 NaN     NaN     NaN
test pole 90.101 154 NaN     NaN     NaN
test pole 90.102 154 NaN     NaN     NaN
test pole 90.103 154 NaN     NaN     NaN
test pole 90.104 154 NaN     NaN     NaN
test pole 90.105 154 NaN     NaN     NaN
test pole 90.106 154 NaN     NaN     NaN
test pole 90.107 154 NaN     NaN     NaN
test pole 90.108 154 NaN     NaN     NaN
test pole 90.109 154 NaN     NaN     NaN
test pole 90.11 154 NaN     NaN     NaN
test pole 90.111 154 NaN     NaN     NaN
test pole 90.112 154 NaN     NaN     NaN
test pole 90.113 154 NaN     NaN     NaN
test pole 90.114 154 NaN     NaN     NaN
test pole 90.115 154 NaN     NaN     NaN
test pole 90.116 154 NaN     NaN     NaN
test pole 90.117 154 NaN     NaN     NaN
test pole 90.118 154 NaN     NaN     NaN
test pole 90.119 154 NaN     NaN     NaN
test pole 90.12 154 NaN     NaN     NaN
test pole 90.121 154 NaN     NaN     NaN
test pole 90.122 154 NaN     NaN     NaN
test pole 90.123 154 NaN     NaN     NaN
test pole 90.124 154 NaN     NaN     NaN
test pole 90.125 154 NaN     NaN     NaN
test pole 90.126 154 NaN     NaN     NaN
test pole 90.127 154 NaN     NaN     NaN
test pole 90.128 154 NaN     NaN     NaN
test pole 90.129 154 NaN     NaN     NaN
test pole 90.13 154 NaN     NaN     NaN
test pole 90.131 154 NaN     NaN     NaN
test pole 90.132 154 NaN     NaN     NaN
test pole 90.133 154 NaN     NaN     NaN
test pole 90.134 154 NaN     NaN     NaN
test pole 90.135 154 NaN     NaN     NaN
test pole 90.136 154 NaN     NaN     NaN
test pole 90.137 154 NaN     NaN     NaN
test pole 90.138 154 NaN     NaN     NaN
test pole 90.139 154 NaN     NaN     NaN
test pole 90.14 154 NaN     NaN     NaN
test pole 90.141 154 NaN     NaN     NaN
test pole 90.142 154 NaN     NaN     NaN
test pole 90.143 154 NaN     NaN     NaN
test pole 90.144 154 NaN     NaN     NaN
test pole 90.145 154 NaN     NaN     NaN
test pole 90.146 154 NaN     NaN     NaN
test pole 90.147 154 NaN     NaN     NaN
test pole 90.148 154 NaN     NaN     NaN
test pole 90.149 154 NaN     NaN     NaN
test pole 90.15 154 NaN     NaN     NaN
test pole 90.151 154 NaN     NaN     NaN
test pole 90.152 154 NaN     NaN     NaN
test pole 90.153 154 NaN     NaN     NaN
test pole 90.154 154 NaN     NaN     NaN
test pole 90.155 154 NaN     NaN     NaN
test pole 90.156 154 NaN     NaN     NaN
test pole 90.157 154 NaN     NaN     NaN
test pole 90.158 154 NaN     NaN     NaN
test pole 90.159 154 NaN     NaN     NaN
test pole 90.16 154 NaN     NaN     NaN
test pole 90.161 154 NaN     NaN     NaN
test pole 90.162 154 NaN     NaN     NaN
test pole 90.163 154 NaN     NaN     NaN
test pole 90.164 154 NaN     NaN     NaN
test pole 90.165 154 NaN     NaN     NaN
test pole 90.166 154 NaN     NaN     NaN
test pole 90.167 154 NaN     NaN     NaN
test pole 90.168 154 NaN     NaN     NaN
test pole 90.169 154 NaN     NaN     NaN
test pole 90.17 154 NaN     NaN     NaN
test pole 90.171 154 NaN     NaN     NaN
test pole 90.172 154 NaN     NaN     NaN
test pole 90.173 154 NaN     NaN     NaN
test pole 90.174 154 NaN     NaN     NaN
test pole 90.175 154 NaN     NaN     NaN
test pole 90.176 154 NaN     NaN     NaN
test pole 90.177 154 NaN     NaN     NaN
test pole 90.178 154 NaN     NaN     NaN
test pole 90.179 154 NaN     NaN     NaN
test pole 90.18 154 NaN     NaN     NaN
test pole 90.181 154 NaN     NaN     NaN
test pole 90.182 154 NaN     NaN     NaN
test pole 90.183 154 NaN     NaN     NaN
test pole 90.184 154 NaN     NaN     NaN
test pole 90.185 154 NaN     NaN     NaN
test pole 90.186 154 NaN     NaN     NaN
test pole 90.187 154 NaN     NaN     NaN
test pole 90.188 154 NaN     NaN     NaN
test pole 90.189 154 NaN     NaN     NaN
test pole 90.19 154 NaN     NaN     NaN
test pole 90.191 154 NaN     NaN     NaN
test pole 90.192 154 NaN     NaN     NaN
test pole 90.193 154 NaN     NaN     NaN
test pole 90.194 154 NaN     NaN     NaN
test pole 90.195 154 NaN     NaN     NaN
test pole 90.196 154 NaN     NaN     NaN
test pole 90.197 154 NaN     NaN     NaN
test pole 90.198 154 NaN     NaN     NaN
test pole 90.199 154 NaN     NaN     NaN
test pole 90.2 154 NaN     NaN     NaN
test pole 90.201 154 NaN     NaN     NaN
test pole 90.202 154 NaN     NaN     NaN
test pole 90.203 154 NaN     NaN     NaN
test pole 90.204 154 NaN     NaN     NaN
test pole 90.205 154 NaN     NaN     NaN
test pole 90.206 154 NaN     NaN     NaN
test pole 90.207 154 NaN     NaN     NaN
test pole 90.208 154 NaN     NaN     NaN
test pole 90.209 154 NaN     NaN     NaN
test pole 90.21 154 NaN     NaN     NaN
test pole 90.211 154 NaN     NaN     NaN
test pole 90.212 154 NaN     NaN     NaN
test pole 90.213 154 NaN     NaN     NaN
test pole 90.214 154 NaN     NaN     NaN
test pole 90.215 154 NaN     NaN     NaN
test pole 90.216 154 NaN     NaN     NaN
test pole 90.217 154 NaN     NaN     NaN
test pole 90.218 154 NaN     NaN     NaN
test pole 90.219 154 NaN     NaN     NaN
test pole 90.22 154 NaN     NaN     NaN
test pole 90.221 154 NaN     NaN     NaN
test pole 90.222 154 NaN     NaN     NaN
test pole 90.223 154 NaN     NaN     NaN
test pole 90.224 154 NaN     NaN     NaN
test pole 90.225 154 NaN     NaN     NaN
test pole 90.226 154 NaN     NaN     NaN
test pole 90.227 154 NaN     NaN     NaN
test pole 90.228 154 NaN     NaN     NaN
test pole 90.229 154 NaN     NaN     NaN
test pole 90.23 154 NaN     NaN     NaN
test pole 90.231 154 NaN     NaN     NaN
test pole 90.232 154 NaN     NaN     NaN
test pole 90.233 154 NaN     NaN     NaN
test pole 90.234 154 NaN     NaN     NaN
test pole 90.235 154 NaN     NaN     NaN
test pole 90.236 154 NaN     NaN     NaN
test pole 90.237 154 NaN     NaN     NaN
test pole 90.238 154 NaN     NaN     NaN
test pole 90.239 154 NaN     NaN     NaN
test pole 90.24 154 NaN     NaN     NaN
test pole 90.241 154 NaN     NaN     NaN
test pole 90.242 154 NaN     NaN     NaN
test pole 90.243 154 NaN     NaN     NaN
test pole 90.244 154 NaN     NaN     NaN
test pole 90.245 154 NaN     NaN     NaN
test pole 90.246 154 NaN     NaN     NaN
test pole 90.247 154 NaN     NaN     NaN
test pole 90.248 154 NaN     NaN     NaN
test pole 90.249 154 NaN     NaN     NaN
test pole 90.25 154 NaN     NaN     NaN
test pole 90.251 154 NaN     NaN     NaN
test pole 90.252 154 NaN     NaN     NaN
test pole 90.253 154 NaN     NaN     NaN
test pole 90.254 154 NaN     NaN     NaN
test pole 90.255 154 NaN     NaN     NaN
test pole 90.256 154 NaN     NaN     NaN
test pole 90.257 154 NaN     NaN     NaN
test pole 90.258 154 NaN     NaN     NaN
test pole 90.259 154 NaN     NaN     NaN
test pole 90.26 154 NaN     NaN     NaN
test pole 90.261 154 NaN     NaN     NaN
test pole 90.262 154 NaN     NaN     NaN
test pole 90.263 154 NaN     NaN     NaN
test pole 90.264 154 NaN     NaN     NaN
test pole 90.265 154 NaN     NaN     NaN
test pole 90.266 154 NaN     NaN     NaN
test pole 90.267 154 NaN     NaN     NaN
test pole 90.268 154 NaN     NaN     NaN
test pole 90.269 154 NaN     NaN     NaN
test pole 90.27 154 NaN     NaN     NaN
test pole 90.271 154 NaN     NaN     NaN
test pole 90.272 154 NaN     NaN     NaN
test pole 90.273 154 NaN     NaN     NaN
test pole 90.274 154 NaN     NaN     NaN
test pole 90.275 154 NaN     NaN     NaN
test pole 90.276 154 NaN     NaN     NaN
test pole 90.277 154 NaN     NaN     NaN
test pole 90.278 154 NaN     NaN     NaN
test pole 90.279 154 NaN     NaN     NaN
test pole 90.28 154 NaN     NaN     NaN
test pole 90.281 154 NaN     NaN     NaN
test pole 90.282 154 NaN     NaN     NaN
test pole 90.283 154 NaN     NaN     NaN
test pole 90.284 154 NaN     NaN     NaN
test pole 90.285 154 NaN     NaN     NaN
test pole 90.286 154 NaN     NaN     NaN
test pole 90.287 154 NaN     NaN     NaN
test pole 90.288 154 NaN     NaN     NaN
test pole 90.289 154 NaN     NaN     NaN
test pole 90.29 154 NaN     NaN     NaN
test pole 90.291 154 NaN     NaN     NaN
test pole 90.292 154 NaN     NaN     NaN
test pole 90.293 154 NaN     NaN     NaN
test pole 90.294 154 NaN     NaN     NaN
test pole 90.295 154 NaN     NaN     NaN
test pole 90.296 154 NaN     NaN     NaN
test pole 90.297 154 NaN     NaN     NaN
test pole 90.298 154 NaN     NaN     NaN
test pole 90.299 154 NaN     NaN     NaN
test pole 90.3 154 NaN     NaN     NaN
test pole 90.301 154 NaN     NaN     NaN
test pole 90.302 154 NaN     NaN     NaN
test pole 90.303 154 NaN     NaN     NaN
test pole 90.304 154 NaN     NaN     NaN
test pole 90.305 154 NaN     NaN     NaN
test pole 90.306 154 NaN     NaN     NaN
test pole 90.307 154 NaN     NaN     NaN
test pole 90.308 154 NaN     NaN     NaN
test pole 90.309 154 NaN     NaN     NaN
test pole 90.31 154 NaN     NaN     NaN
test pole 90.311 154 NaN     NaN     NaN
test pole 90.312 154 NaN     NaN     NaN
test pole 90.313 154 NaN     NaN     NaN
test pole 90.314 154 NaN     NaN     NaN
test pole 90.315 154 NaN     NaN     NaN
test pole 90.316 154 NaN     NaN     NaN
test pole 90.317 154 NaN     NaN     NaN
test pole 90.318 154 NaN     NaN     NaN
test pole 90.319 154 NaN     NaN     NaN
test pole 90.32 154 NaN     NaN     NaN
test pole 90.321 154 NaN     NaN     NaN
test pole 90.322 154 NaN     NaN     NaN
test pole 90.323 154 NaN     NaN     NaN
test pole 90.324 154 NaN     NaN     NaN
test pole 90.325 154 NaN     NaN     NaN
test pole 90.326 154 NaN     NaN     NaN
test pole 90.327 154 NaN     NaN     NaN
test pole 90.328 154 NaN     NaN     NaN
test pole 90.329 154 NaN     NaN     NaN
test pole 90.33 154 NaN     NaN     NaN
test pole 90.331 154 NaN     NaN     NaN
test pole 90.332 154 NaN     NaN     NaN
test pole 90.333 154 NaN     NaN     NaN
test pole 90.334 154 NaN     NaN     NaN
test pole 90.335 154 NaN     NaN     NaN
test pole 90.336 154 NaN     NaN     NaN
test pole 90.337 154 NaN     NaN     NaN
test pole 90.338 154 NaN     NaN     NaN
test pole 90.339 154 NaN     NaN     NaN
test pole 90.34 154 NaN     NaN     NaN
test pole 90.341 154 NaN     NaN     NaN
test pole 90.342 154 NaN     NaN     NaN
test pole 90.343 154 NaN     NaN     NaN
test pole 90.344 154 NaN     NaN     NaN
test pole 90.345 154 NaN     NaN     NaN
test pole 90.346 154 NaN     NaN     NaN
test pole 90.347 154 NaN     NaN     NaN
test pole 90.348 154 NaN     NaN     NaN
test pole 90.349 154 NaN     NaN     NaN
test pole 90.35 154 NaN     NaN     NaN
test pole 90.351 154 NaN     NaN     NaN
test pole 90.352 154 NaN     NaN     NaN
test pole 90.353 154 NaN     NaN     NaN
test pole 90.354 154 NaN     NaN     NaN
test pole 90.355 154 NaN     NaN     NaN
test pole 90.356 154 NaN     NaN     NaN
test pole 90.357 154 NaN     NaN     NaN
test pole 90.358 154 NaN     NaN     NaN
test pole 90.359 154 NaN     NaN     NaN
test pole 90.36 154 NaN     NaN     NaN
test pole 90.361 154 NaN     NaN     NaN
test pole 90.362 154 NaN     NaN     NaN
test pole 90.363 154 NaN     NaN     NaN
test pole 90.364 154 NaN     NaN     NaN
test pole 90.365 154 NaN     NaN     NaN
test pole 90.366 154 NaN     NaN     NaN
test pole 90.367 154 NaN     NaN     NaN
test pole 90.368 154 NaN     NaN     NaN
test pole 90.369 154 NaN     NaN     NaN
test pole 90.37 154 NaN     NaN     NaN
test pole 90.371 154 NaN     NaN     NaN
test pole 90.372 154 NaN     NaN     NaN
test pole 90.373 154 NaN     NaN     NaN
test pole 90.374 154 NaN     NaN     NaN
test pole 90.375 154 NaN     NaN     NaN
test pole 90.376 154 NaN     NaN     NaN
test pole 90.377 154 NaN     NaN     NaN
test pole 90.378 154 NaN     NaN     NaN
test pole 90.379 154 NaN     NaN     NaN
test pole 90.38 154 NaN     NaN     NaN
test pole 90.381 154 NaN     NaN     NaN
test pole 90.382 154 NaN     NaN     NaN
test pole 90.383 154 NaN     NaN     NaN
test pole 90.384 154 NaN     NaN     NaN
test pole 90.385 154 NaN     NaN     NaN
test pole 90.386 154 NaN     NaN     NaN
test pole 90.387 154 NaN     NaN     NaN
test pole 90.388 154 NaN     NaN     NaN
test pole 90.389 154 NaN     NaN     NaN
test pole 90.39 154 NaN     NaN     NaN
test pole 90.391 154 NaN     NaN     NaN
test pole 90.392 154 NaN     NaN     NaN
test pole 90.393 154 NaN     NaN     NaN
test pole 90.394 154 NaN     NaN     NaN
test pole 90.395 154 NaN     NaN     NaN
test pole 90.396 154 NaN     NaN     NaN
test pole 90.397 154 NaN     NaN     NaN
test pole 90.398 154 NaN     NaN     NaN
test pole 90.399 154 NaN     NaN     NaN
===================================== Gottlieb 1993 test case ===================================== 
GEM-10B unnormalized 36x36 
recef = 5489.15 802.222 3140.916
latgc lon 29.5180961901851 8.31473347702043

coefficents --------------- 
c  2  0  -0.001082627 s 0
c  4  0  1.6233497E-06 s 0
c  4  4  -4.0864417E-09 s 6.4862437E-09
c 21  1 -1.5363393E-08 s 1.3657999E-08

normalized coefficents --------------- 
c  2  0  0 s 0
c  4  0  0 s 0
c  4  4  0 s 0
c 21  1 0 s 0

Legendre polynomials --------------- 
MN  1  0   0.881874108919013 1  1   1.49073742021132
GN  1  0   0 1  1   0
OU 

MN  2  0   -0.248536782261484 2  1   1.69719647176954 2  2   1.434487226878
GN  2  0   0 2  1   0 2  2   0
OU 

MN  3  0   -1.14760194020578 3  1   0.412996249852522 3  2   1.93237615790142 3  3   1.33355399921332
GN  3  0   0 3  1   0 3  2   0 3  3   0
OU 

MN  4  0   -0.909352665825045 4  1   -1.23196622802957 4  2   1.01202656376066 4  3   2.03693807296966 4  4   1.21738344956751
GN  4  0   0 4  1   0 4  2   0 4  3   0 4  4   0
OU 

MN  5  0   0.229523454834433 5  1   -1.68325496490986 5  2   -0.712350415867684 5  3   1.47404786381636 5  4   2.05574716813613 5  5   1.09891540515138
GN  5  0   0 5  1   0 5  2   0 5  3   0 5  4   0 5  5   0
OU 

MN  6  0   1.14366580244686 6  1   -0.506241277741339 6  2   -1.75203203924542 6  3   -0.157340116661883 6  4   1.81729359978375 6  5   2.01735301937154 6  6   0.984432267648878
GN  6  0   0 6  1   0 6  2   0 6  3   0 6  4   0 6  5   0 6  6   0
OU 

totals gtds 0 montenbruck 0

accelerations --------------- 
Montenbruck case nonspherical, no two-body ---------- 
legarrMU 4 0   -0.277507243174397  4 1   -1.3942161027098  4 4   60.2096173642653
legarrMN 4 0   -0.83252172952319  4 1   -1.32266953051387  4 4   1.27216035727462
VArrN   1    0.854238424553939    1.49289024225425
WArrN   1    0    0.218181211284386
VArrN   2    -0.304279130154156    1.64555615423533    1.40719712111905
WArrN   2    0    0.24049285393239    0.420291834981572
VArrN   3    -1.16658107169436    0.298808539586493    1.83528613408601
WArrN   3    0    0.0436699278110738    0.548150479726561
VArrN   4    -0.834620074695481    -1.31206517420516    0.853027257721678    1.85188844174677    1.06646254856729
WArrN   4    0    -0.191754196584391    0.254776239985507    0.861355065459036    0.699441278335237
apertM  bf 4 4 NaN     NaN     NaN

apertM 4 4   NaN     NaN     NaN
ans          -0.00844269212018857E+00 -0.00123393633785485E+00 -0.00484659352346614E+00  km/s2  

GTDS case nonspherical, no two-body ---------- 
legarrGU 4 0   -0.277507243174397  4 1   -1.3942161027098  4 4   60.2096173642653
legarrGN 4 0   -0.83252172952319  4 1   -1.32266953051387  4 4   1.27216035727462
trigarr 2 2 Sin  0.286181190462621  Cos   0.95817551952938  Tan   1.132379580456

apertG 5 5   NaN     NaN     NaN
ans          -0.00844260633555472E+00 -0.00123393243051834E+00 -0.00484652486332608E+00  km/s2  

